
 ATOMIC FORCES in [a.u.]

 # Atom   Kind   Element          X              Y              Z
      1      1      C          -0.00174295    -0.00153580     0.00269557
      2      1      C           0.00322472     0.00127035    -0.00298820
      3      1      C          -0.00164184     0.00029981     0.00160284
      4      1      C           0.00298384     0.00508645     0.00093116
      5      2      H          -0.00762233     0.00639387    -0.00344233
      6      2      H           0.00842801     0.00606558     0.00131292
      7      2      H           0.00253940    -0.00599193    -0.00819266
      8      2      H          -0.00879511    -0.00549951    -0.00143130
      9      2      H          -0.00308854     0.00623824     0.00783168
     10      2      H           0.00883890     0.00559819     0.00099980
     11      2      H           0.00324144    -0.00594735    -0.00809775
     12      2      H           0.00017761    -0.01032731    -0.00112666
     13      2      H          -0.00948716     0.00156665     0.00389242
     14      2      H           0.00606059     0.00165039     0.00837457
 SUM OF ATOMIC FORCES           0.00311659     0.00486762     0.00236207     0.00624390

 ATOMIC FORCES in [a.u.]

 # Atom   Kind   Element          X              Y              Z
      1      1      C           0.00472667    -0.01474930     0.00019912
      2      1      C          -0.00075696     0.00544137     0.00469645
      3      1      C          -0.00905646     0.01333165     0.00440565
      4      1      C          -0.01141153     0.01426345     0.00751778
      5      2      H          -0.01483628     0.01337525    -0.00712791
      6      2      H           0.00976805     0.00577731    -0.00134504
      7      2      H           0.00299921     0.00116082    -0.00196002
      8      2      H          -0.00385799    -0.00447292     0.00119116
      9      2      H           0.00042163    -0.00446784     0.00051862
     10      2      H           0.00646531     0.00113038     0.00177686
     11      2      H           0.00491374    -0.00905441    -0.01393948
     12      2      H           0.00203166    -0.01264432     0.00186650
     13      2      H           0.00410543    -0.00107406    -0.00233629
     14      2      H           0.00558533    -0.00270453     0.00703437
 SUM OF ATOMIC FORCES           0.00109781     0.00531284     0.00249779     0.00597247

 ATOMIC FORCES in [a.u.]

 # Atom   Kind   Element          X              Y              Z
      1      1      C           0.00817397    -0.02134068    -0.00361406
      2      1      C          -0.00578914     0.00811265     0.01021961
      3      1      C          -0.01267915     0.02334247     0.00338051
      4      1      C          -0.02061275     0.01823721     0.01384476
      5      2      H          -0.01627494     0.01584905    -0.00870000
      6      2      H           0.00796336     0.00353944    -0.00444663
      7      2      H           0.00351592     0.00810557     0.00417282
      8      2      H           0.00240225    -0.00262278     0.00394404
      9      2      H           0.00329750    -0.01382510    -0.00514355
     10      2      H           0.00243418    -0.00469551     0.00215715
     11      2      H           0.00516067    -0.00847522    -0.01525616
     12      2      H           0.00348591    -0.01051241     0.00541769
     13      2      H           0.01441603    -0.00296020    -0.00736410
     14      2      H           0.00335705    -0.00746424     0.00354923
 SUM OF ATOMIC FORCES          -0.00114913     0.00529025     0.00216131     0.00582911

 ATOMIC FORCES in [a.u.]

 # Atom   Kind   Element          X              Y              Z
      1      1      C           0.00611800    -0.01940628    -0.00731968
      2      1      C          -0.00961401     0.00886897     0.01282938
      3      1      C          -0.01375416     0.02838738    -0.00208870
      4      1      C          -0.02395636     0.01726409     0.01801040
      5      2      H          -0.01065536     0.01275528    -0.00803722
      6      2      H           0.00396033     0.00015908    -0.00761777
      7      2      H           0.00435821     0.01311610     0.00837855
      8      2      H           0.00822443    -0.00109252     0.00627243
      9      2      H           0.00506252    -0.02021509    -0.00783340
     10      2      H          -0.00142884    -0.01042937     0.00249302
     11      2      H           0.00368017    -0.00388332    -0.01167480
     12      2      H           0.00454714    -0.00496252     0.00921053
     13      2      H           0.01976062    -0.00375313    -0.01046148
     14      2      H           0.00065075    -0.01197079    -0.00057288
 SUM OF ATOMIC FORCES          -0.00304656     0.00483787     0.00158839     0.00593376

 ATOMIC FORCES in [a.u.]

 # Atom   Kind   Element          X              Y              Z
      1      1      C          -0.00022472    -0.01123328    -0.00951142
      2      1      C          -0.01075750     0.00787265     0.01276669
      3      1      C          -0.01399583     0.02877923    -0.01009105
      4      1      C          -0.02238348     0.01319094     0.01890715
      5      2      H          -0.00068885     0.00606586    -0.00616010
      6      2      H          -0.00064964    -0.00323621    -0.01032890
      7      2      H           0.00548046     0.01536146     0.00979021
      8      2      H           0.01221817    -0.00059846     0.00778269
      9      2      H           0.00562621    -0.02288763    -0.00736025
     10      2      H          -0.00383698    -0.01463764     0.00298970
     11      2      H           0.00101581     0.00297709    -0.00517359
     12      2      H           0.00525165     0.00167654     0.01259046
     13      2      H           0.01988267    -0.00344220    -0.01143514
     14      2      H          -0.00138768    -0.01537501    -0.00387738
 SUM OF ATOMIC FORCES          -0.00444971     0.00451335     0.00088905     0.00640006
