R1    1,2
R2    1,5
R3    1,6
R4    1,7
R5    2,3
R6    2,8
R7    2,9
R8    3,4
R9    3,10
R10   3,11
R11   4,12
R12   4,13
R13   4,14
A1    2,1,5
A2    2,1,6
A3    2,1,7
A4    5,1,6
A5    5,1,7
A6    6,1,7
A7    1,2,3
A8    1,2,8
A9    1,2,9
A10   3,2,8
A11   3,2,9
A12   8,2,9
A13   2,3,4
A14   2,3,10
A15   2,3,11
A16   4,3,10
A17   4,3,11
A18   10,3,11
A19   3,4,12
A20   3,4,13
A21   3,4,14
A22   12,4,13
A23   12,4,14
A24   13,4,14
D1    5,1,2,3
D2    5,1,2,8
D3    5,1,2,9
D4    6,1,2,3
D5    6,1,2,8
D6    6,1,2,9
D7    7,1,2,3
D8    7,1,2,8
D9    7,1,2,9
D10   1,2,3,4
D11   1,2,3,10
D12   1,2,3,11
D13   8,2,3,4
D14   8,2,3,10
D15   8,2,3,11
D16   9,2,3,4
D17   9,2,3,10
D18   9,2,3,11
D19   2,3,4,12
D20   2,3,4,13
D21   2,3,4,14
D22   10,3,4,12
D23   10,3,4,13
D24   10,3,4,14
D25   11,3,4,12
D26   11,3,4,13
D27   11,3,4,14